3.26
2.21
1.33
1
1.64
2.66
1.07
1.44
1.48
1.04
2.44
3.15
4.15
1.59
6.12
1.37
1.02
3.65
3.77
1.01
24.32
1.58
4.4
2.44
1.42
2.31
1.33
2.12
1.14
1.14
1.2
3.38
5.77
2.49
1.09
3.63
13.33
1.95
5.68
2.7
6.1
1.42
1.04
12.7
7.45
1.09
1.08
11.3
1.13
50.96
340.91
12.78
1.1
1.4
3.87
1.12
10.31
5.14
2.47
11.22
3.39
2.4
1.1
1.74
4.23
1.54
27.68
1.02
1.31
2.99
4.84
2.39
2.09
2.92
2.5
5.98
1.6
2.04
2.86
1.54
5.95
3.52
3.38
1.01
1.55
1.13
2.07
18.18
2.66
2.86
1.04
1.34
1.94
10.7
1.84
13.7
2.18
1.46
1.02
1.75
1.98
1.31
1.39
1.12
4
1.41
6.5
1.4
1.87
1.05
5.74
2.87
1.09
1.05
37.52
13.67
21.38
1.1
1.4
5.19
1.29
1.31
1.27
1.06
3.15
8.78
83.38
8.1
1.26
1.55
6.7
1
1.52
1.35
30.98
172.65
4.09
4.04
1.22
11.66
1.72
10.69
2.54
1.17
3.46
2.12
1.91
1.01
7.15
1.39
1.99
1.34
9.35
29.28
2.23
2.17
1.14
1.52
1.42
4.56
1.86
1.48
1.09
1.22
4.62
1.15
9.7
1.43
9.35
1.54
1.13
3.76
9.89
2.03
1.54
1.03
1.48
2.7
4.45
1.26
5.87
2.72
2.45
1.15
5.89
2.66
1.17
3
1.44
1.37
2.22
1.85
3.81
1.43
1
3.25
1.81
1.15
2.06
1.51
5.01
2.28
3.22
3.4
2.11
1.98
1.93
1
1.17
1.73
2.23
1.01
2.02
1.8
3.05
6.71
1.47
1.91
1.74
2.43
3.29
3.62
3.15
66.45
22.18
1.69
1.24
1.44
1.37
1.01
1.77
1.54
2.36
3.16
1.99
1.17
6.74
3.57
1.37
5.12
1.07
8.59
1.03
1.42
11.59
1.3
1.4
1.3
4.49
2.34
23.41
3.74
2.44
3.97
2.33
1.92
1.06
1.38
1.4
19.35
1.15
6.96
2.07
4.08
1.25
1.97
1.58
1.13
95.17
5.32
4.83
1.1
3.88
9.32
2.63
3.31
63.65
1.87
1.74
3.45
3.93
1.99
1.92
1.11
2.69
16.05
5.45
2.56
2.01
8.57
1.25
1.27
1.68
4.41
1.66
1.44
17.5
1.03
1.75
1.04
2.07
2.25
3.25
55.07
8.94
1.26
1.21
3.28
1
9.71
4.98
4.21
33.62
1.27
4.88
2.03
1.39
1.38
3.37
1.15
4.47
2.32
1.26
1.05
4.42
2.15
1.29
4.8
3.43
3.28
2
219.17
1.61
2.08
1.39
5.27
2.62
2.78
1
1.17
1.92
4.44
1.11
12.76
7.49
1.66
1.08
2.99
1.63
1.84
1.88
81.15
1
1.54
2.31
2.1
4.68
1.01
1.08
2.93
4.76
3.99
2.96
1.03
4.13
2.53
11.8
1.6
1.19
1
1.96
2.63
10.27
1.7
1
2813.28
1.18
2.14
1.83
1.5
15.07
9.17
6.04
1.51
7.08
5.31
1.9
1.03
1.36
1.1
1.15
1.26
11.85
7.3
46.05
4.53
3.1
4.54
1.39
12.65
1.64
1.28
1.1
6.61
1.62
1.11
1.07
1.2
6.6
2.04
1
1.17
1
1.92
4.49
75.31
1
1.26
1.15
10.89
7.67
3.07
1.33
2.08
2.95
2.06
4.64
4.3
1.12
1.13
3.19
2.98
1.4
2.21
1.06
91.73
1
4.28
2.25
2.14
1.48
6.07
5.44
5.19
1.75
4.18
1.16
3.12
2.3
1
1.42
1.27
1.12
1.04
1.95
2
1.47
3.58
2.01
2.44
2.43
4.45
1.5
1.46
1.04
1
179.21
1.17
43.12
1.68
2.29
1.48
1.91
2.14
24.72
4.65
2.42
2.81
1.47
3.19
1
37.35
1.122
1.98
1.34
1.07
3.01
2.29
10.21
1.48
2.58
1.05
1.43
2.68
4.38
1.38
3.23
23.88
1.33
2.47
3.65
15.57
2.46
1.25
1.84
1.61
1.25
1.28
1
1.05
1.5
1.05
1.17
2.69
1.03
2.44
1.73
7.59
1.64
1.21
3.43
2.2
4.03
1.32
1
3.37
2.08
6.14
2.61
8.2
2.53
1.55
1.36
1.23
1.98
2.64
7.83
1.55
1.31
1.98
1.1
1.25
1.26
1.14
1.26
1.75
1.01
11.9
1.41
4.79
1.52
1.22
1.43
3.04
1.85
2.21
6.49
14.25
1.16
1.18
1.55
13.65
5.14
2.36
1.11
3.06
2.75
1.43
3.48
11.33
1.09
1.77
1.81
1.41
1.38
1.29
1.48
2.45
4.81
1.22
17.59
6.5
2.21
2.98
1.26
10.99
3.12
3.31
1.08
2.52
1.22
21.73
1
2.95
1.99
1.88
1.16
1
1.13
9.78
5.91
3.24
1.35
1.45
1.54
1.18
20.59
23.11
41.95
1.79
1.69
13.34
8.45
1.31
1.12
2.66
1.13
1.11
4.15
1.15
4.33
2.98
1.84
6.43
1.12
27.6
1.9
1.89
7.85
4.88
2.18
1.02
4.95
3.4
1.04
1.15
3.59
1.49
1.69
1.65
1.37
6.89
773.76
10.85
1.17
2.4
2.08
1.19
189.49
1.21
3.96
1.13
2.39
1.16
1.68
1
2.01
4.44
2.25
3.61
1.53
5.07
7.44
1.62
2.35
1.75
1.53
1.85
2.36
4.14
1.08
2.4
1.53
2.42
3.22
