2.61
8.20
2.53
1.55
1.36
1.23
1.98
2.64
7.83
1.55
1.31
1.98
1.10
1.25
1.26
1.14
1.26
1.75
1.01
11.90
1.41
4.79
1.52
1.22
1.43
3.04
1.85
2.21
6.49
14.25
1.16
1.18
1.55
13.65
5.14
2.36
1.11
3.06
2.75
1.43
3.48
11.33
1.09
1.77
1.81
1.41
1.38
1.29
1.48
2.45
4.81
1.22
17.59
6.50
2.21
2.98
1.26
10.99
3.12
3.31
1.08
2.52
1.22
21.73
1.00
2.95
1.99
1.88
1.16
1.00
1.13
9.78
5.91
3.24
1.35
1.45
1.54
1.18
20.59
23.11
41.95
1.79
1.69
13.34
8.45
1.31
1.120
2.66
1.13
1.11
4.15
1.15
4.33
2.98
1.84
6.43
1.12
27.60
1.90
1.89
7.85
4.88
2.18
1.02
4.95
3.40
1.04
1.15
3.59
1.49
1.69
1.65
1.37
6.89
773.76
10.85
1.17
2.40
2.08
1.19
189.49
1.21
3.96
1.13
2.39
1.16
1.68
1.00
2.01
4.44
2.25
3.61
1.53
5.07
7.44
1.62
2.35
1.75
1.53
1.85
2.36
4.14
1.08
2.40
1.53
2.42
3.22
1.48