1.00
1.54
2.31
2.10
4.68
1.01
1.08
2.93
4.76
3.99
2.96
1.03
4.13
2.53
11.80
1.60
1.19
1.00
1.96
2.63
10.27
1.70
1.00
2813.28
1.18
2.14
1.83
1.50
15.07
9.17
6.04
1.51
7.08
5.31
1.90
1.03
1.36
1.10
1.15
1.26
11.85
7.30
46.05
4.53
3.10
4.54
1.39
12.65
1.64
1.28
1.10
6.61
1.62
1.11
1.07
1.20
6.60
2.04
1.00
1.17
1.00
1.92
4.49
75.31
1.00
1.26
1.15
10.89
7.67
3.07
1.33
2.08
2.95
2.06
4.64
4.30
1.12
1.13
3.19
2.98
1.40
2.21
1.06
91.73
1.00
4.28
2.25
2.14
1.48
6.07
5.44
5.19
1.75
4.18
1.16
3.12
2.30
1.00
1.42
4.49